I
1130 Generated by WorldEditor 2.2.0r2

1     50 1 0 EDXW Westerland Sylt
100 45.11 1 0 0.00 1 3 0 14  54.91934700  008.33288304    0   32 3 9 1 1 32  54.90385000  008.35209404    0   32 3 1 1 1
100 45.11 1 0 0.00 1 2 0 06  54.90941700  008.32917196    0    0 2 0 0 1 24  54.91711700  008.35199396    0    0 2 0 0 1
110 3 0.00 0.0000 New Taxiway 2
111  54.91308827  008.34414845
111  54.91275569  008.34385504
111  54.91167019  008.34593676
113  54.91197417  008.34629869
110 3 0.00 0.0000 New Taxiway 1
111  54.90775568  008.35432633
111  54.91183642  008.34656456
111  54.91152833  008.34620315
111  54.90736098  008.35416459
111  54.90742418  008.35424559
113  54.90753254  008.35432686
110 2 0.00 180.0000 apron 1 (terminal)
111  54.91405065  008.33099289
111  54.91415595  008.33099310
111  54.91415681  008.33030980
111  54.91410989  008.33022346
111  54.91404325  008.33016236
111  54.91404319  008.33013505
111  54.91403601  008.33010050
112  54.91372375  008.33010036  54.91370230  008.33009981
111  54.91370350  008.33013492
111  54.91370344  008.33016272
111  54.91364150  008.33016350
111  54.91364284  008.33085370
113  54.91405065  008.33085568
110 1 0.00 140.0000 apron 2 (GAT)
111  54.91015317  008.32951034
112  54.91015317  008.32951034  54.90988147  008.32970631 102
111  54.90967864  008.32926431
111  54.91041065  008.33142011
111  54.91053884  008.33130610 102
111  54.91027768  008.33051297
112  54.91027768  008.33051297  54.91023841  008.33038500 102
112  54.91028312  008.32994081  54.91034166  008.32982938
111  54.91028312  008.32994081 102
111  54.91090686  008.32863295 102
111  54.91131581  008.32785305
112  54.91131581  008.32785305  54.91168059  008.32695093
111  54.91231628  008.32612906
111  54.91194053  008.32511756
112  54.91194053  008.32511756  54.91165230  008.32540948
112  54.91137080  008.32584417  54.91114074  008.32623735
111  54.91137080  008.32584417
111  54.91113031  008.32624918
112  54.91084160  008.32691324  54.91078177  008.32711015
111  54.91084160  008.32691324 102
111  54.91061361  008.32829439 102
112  54.91032188  008.32930718  54.91021820  008.32948280
111  54.91032188  008.32930718
114  54.91032188  008.32930718  54.91024912  008.32942268 102
112  54.91096684  008.32732617  54.91099389  008.32736587
111  54.91096684  008.32732617
111  54.91115472  008.32761302
112  54.91115472  008.32761302  54.91117463  008.32765191
112  54.91115206  008.32770993  54.91113565  008.32774275
111  54.91115206  008.32770993 102
111  54.91083104  008.32833223
112  54.91083104  008.32833223  54.91080991  008.32836972 102
112  54.91079127  008.32830064  54.91079930  008.32825064
111  54.91079127  008.32830064 102
111  54.91092078  008.32736159
114  54.91092078  008.32736159  54.91093050  008.32729175
110 2 0.00 70.0000 apron 2 2
111  54.91333772  008.32411797
112  54.91333772  008.32411797  54.91266069  008.32435886
112  54.91194053  008.32511756  54.91178310  008.32526674
111  54.91194053  008.32511756
111  54.91231628  008.32612906
112  54.91231628  008.32612906  54.91275573  008.32554953
112  54.91348261  008.32522800  54.91359068  008.32519445
113  54.91348261  008.32522800
111  54.91327363  008.32428537
111  54.91333518  008.32435612
111  54.91341435  008.32487977
111  54.91337887  008.32498606
111  54.91322639  008.32507118
111  54.91315559  008.32501569
111  54.91306073  008.32450422
113  54.91307503  008.32439477
111  54.91287368  008.32451456
111  54.91293946  008.32456483
111  54.91304509  008.32505720
111  54.91302217  008.32518896
111  54.91286372  008.32531032
111  54.91278698  008.32524444
111  54.91266938  008.32477634
113  54.91268035  008.32464632
111  54.91248348  008.32480993
111  54.91257754  008.32489174
111  54.91268486  008.32529660
111  54.91267401  008.32546023
111  54.91253895  008.32559868
111  54.91244369  008.32556931
111  54.91230381  008.32510151
113  54.91232069  008.32495467
110 1 0.00 63.0000 apron 2 2 1
111  54.91232069  008.32495467
111  54.91230381  008.32510151
111  54.91244369  008.32556931
111  54.91253895  008.32559868
111  54.91267401  008.32546023
111  54.91268486  008.32529660
111  54.91257754  008.32489174
113  54.91248348  008.32480993
110 1 0.00 69.0000 apron 2 2 2
111  54.91268035  008.32464632
111  54.91266938  008.32477634
111  54.91278698  008.32524444
111  54.91286372  008.32531032
111  54.91302217  008.32518896
111  54.91304509  008.32505720
111  54.91293946  008.32456483
113  54.91287368  008.32451456
110 1 0.00 72.0000 apron 2 2 3
111  54.91307503  008.32439477
111  54.91306073  008.32450422
111  54.91315559  008.32501569
111  54.91322639  008.32507118
111  54.91337887  008.32498606
111  54.91341435  008.32487977
111  54.91333518  008.32435612
113  54.91327363  008.32428537
110 2 0.00 80.0000 apron 2 3
111  54.91640468  008.32386211
112  54.91640468  008.32386211  54.91632134  008.32381453
112  54.91614585  008.32375262  54.91605105  008.32367109
111  54.91614585  008.32375262
112  54.91531369  008.32363781  54.91478041  008.32379964
111  54.91531369  008.32363781
112  54.91449612  008.32380541  54.91405893  008.32390129
112  54.91333772  008.32411797  54.91311051  008.32421462
111  54.91333772  008.32411797
111  54.91348261  008.32522800
112  54.91348261  008.32522800  54.91364526  008.32513716
112  54.91549237  008.32474510  54.91575404  008.32468116
111  54.91549237  008.32474510
112  54.91627158  008.32470049  54.91665771  008.32479988
111  54.91627158  008.32470049
112  54.91641146  008.32437719  54.91647665  008.32422546
113  54.91641146  008.32437719
111  54.91448703  008.32395496
111  54.91455571  008.32402243
111  54.91459613  008.32457945
111  54.91455186  008.32469132
111  54.91437621  008.32472855
111  54.91430668  008.32463853
111  54.91427272  008.32408995
113  54.91431638  008.32399149
111  54.91490337  008.32386208
111  54.91496644  008.32395210
111  54.91499716  008.32448099
111  54.91494542  008.32461039
111  54.91478048  008.32463853
111  54.91470933  008.32456257
111  54.91467213  008.32399711
113  54.91471418  008.32390428
111  54.91529956  008.32378611
111  54.91536424  008.32385925
111  54.91539335  008.32441910
111  54.91534483  008.32451756
111  54.91517989  008.32455132
111  54.91510712  008.32446411
111  54.91507963  008.32391552
113  54.91512491  008.32381987
111  54.91548067  008.32384799
111  54.91552918  008.32373264
112  54.91552918  008.32373264  54.91588655  008.32368763
112  54.91639108  008.32414620  54.91659644  008.32441347
111  54.91639108  008.32414620
111  54.91638946  008.32436846
111  54.91636197  008.32444160
111  54.91620026  008.32444442
112  54.91620026  008.32444442  54.91602885  008.32439659
112  54.91557769  008.32448099  54.91538526  008.32456539
111  54.91557769  008.32448099
113  54.91550816  008.32437971
111  54.91370886  008.32412982
111  54.91376839  008.32420536
111  54.91381061  008.32465902
111  54.91379799  008.32479229
111  54.91355472  008.32486302
111  54.91351360  008.32474303
111  54.91347150  008.32429247
113  54.91349503  008.32419152
110 1 0.00 80.0000 apron 2 3 1
111  54.91349503  008.32419152
111  54.91347150  008.32429247
111  54.91351360  008.32474303
111  54.91355472  008.32486302
111  54.91379799  008.32479229
111  54.91381061  008.32465902
111  54.91376839  008.32420536
113  54.91370886  008.32412982
110 3 0.00 80.0000 apron 2 3 2
111  54.91430668  008.32463853
111  54.91437621  008.32472855
111  54.91455186  008.32469132
111  54.91459613  008.32457945
111  54.91455571  008.32402243
111  54.91448703  008.32395496
111  54.91431638  008.32399149
113  54.91427272  008.32408995
110 3 0.00 82.0000 apron 2 3 3
111  54.91470933  008.32456257
112  54.91478048  008.32463853  54.91478337  008.32463853
111  54.91494542  008.32461039
111  54.91499716  008.32448099
111  54.91496644  008.32395210
111  54.91490337  008.32386208
111  54.91471418  008.32390428
113  54.91467213  008.32399711
110 3 0.00 85.0000 apron 2 3 4
111  54.91510712  008.32446411
111  54.91517989  008.32455132
111  54.91534483  008.32451756
111  54.91539335  008.32441910
111  54.91536424  008.32385925
111  54.91529956  008.32378611
111  54.91512491  008.32381987
113  54.91507963  008.32391552
110 3 0.00 90.0000 apron 2 3 5
111  54.91550816  008.32437971
111  54.91557769  008.32448099
112  54.91557769  008.32448099  54.91576969  008.32439699
112  54.91620026  008.32444442  54.91637126  008.32449242
111  54.91620026  008.32444442
111  54.91636197  008.32444160
111  54.91638946  008.32436846
111  54.91639108  008.32414620
112  54.91639108  008.32414620  54.91618608  008.32387920
112  54.91552918  008.32373264  54.91517218  008.32377764
111  54.91552918  008.32373264
113  54.91548067  008.32384799
110 1 0.00 85.0000 apron 3 (repair)
112  54.91994457  008.33761159  54.91995427  008.33773198
111  54.91994457  008.33761159
111  54.92006905  008.34001843
112  54.92006905  008.34001843  54.92005767  008.34012983 102
112  54.91988632  008.34020225  54.91984862  008.34006610
111  54.91988632  008.34020225
111  54.91991698  008.34081729
112  54.91991698  008.34081729  54.91992481  008.34041379 102
111  54.92008993  008.34036018
111  54.92118471  008.34020441
111  54.92101226  008.33664546
111  54.92073234  008.33668342
111  54.92075173  008.33715186
111  54.92001463  008.33725548 102
112  54.91967950  008.33597112  54.91959341  008.33544449
111  54.91967950  008.33597112
111  54.91974376  008.33727192
114  54.91974376  008.33727192  54.91981221  008.33696724 102
110 2 0.00 0.0000 Apron 4
111  54.91982240  008.34164106 102
112  54.91977143  008.34256627  54.91970941  008.34260225
111  54.91903535  008.34292342
111  54.91957259  008.34656181
111  54.92014812  008.34631367
112  54.92016758  008.34556195  54.92034620  008.34546653
111  54.92054339  008.34597163
111  54.92091943  008.34571335
111  54.92010673  008.34234242
112  54.91995220  008.34244847  54.91994486  008.34245257
111  54.91995220  008.34244847
112  54.91995220  008.34244847  54.91994913  008.34245015 102
112  54.91996342  008.34212978  54.91996436  008.34193666
111  54.91996342  008.34212978
112  54.91996342  008.34212978  54.91996450  008.34190837 102
113  54.91995649  008.34161552
112  54.91964579  008.34435293  54.91962720  008.34438466
112  54.91950979  008.34439157  54.91949649  008.34435647
112  54.91946164  008.34402041  54.91948137  008.34398026
114  54.91960380  008.34397393  54.91962229  008.34402037
110 1 0.00 0.0000 fuel station
111  54.91131295  008.32574148
111  54.91106844  008.32614987
111  54.91113031  008.32624918
113  54.91137080  008.32584417
110 1 0.00 0.0000 gat terminal area
111  54.91065352  008.32577660
111  54.91001101  008.32591296
111  54.91002074  008.32599650
111  54.91002842  008.32636344
111  54.91061901  008.32618876
111  54.91065933  008.32624087
111  54.91051676  008.32658094
111  54.91059461  008.32667122
111  54.91066712  008.32670319
111  54.91084564  008.32692115
113  54.91108286  008.32640198
110 1 0.00 0.0000 New Taxiway 1
111  54.91346806  008.33072532
111  54.91318733  008.33072659
111  54.91312057  008.33068204
111  54.91278265  008.33068196
111  54.91278326  008.33162346
112  54.91414835  008.33161271  54.91411207  008.33161287
112  54.91406977  008.33155550  54.91405708  008.33152416
112  54.91405071  008.33146222  54.91405010  008.33142912
111  54.91405065  008.33099289
111  54.91405065  008.33085568
111  54.91364284  008.33085370
113  54.91346873  008.33085594
110 1 0.00 178.0000 twy A 1
111  54.90949403  008.33009403
112  54.90949403  008.33009403  54.90954763  008.33039952 102
112  54.90932675  008.33108065  54.90911792  008.33139454
111  54.90932675  008.33108065
112  54.90932675  008.33108065  54.90880725  008.33164445 102
112  54.90758551  008.33208849  54.90680667  008.33220593
111  54.90758551  008.33208849 102
111  54.90563000  008.33232463
112  54.90563000  008.33232463  54.90523320  008.33237030 102
111  54.90452004  008.33285884
111  54.90458472  008.33311398 102
112  54.90512497  008.33278084  54.90532946  008.33266546
111  54.90512497  008.33278084
111  54.90557187  008.33262140 102
111  54.90762004  008.33234812
112  54.90762004  008.33234812  54.90855560  008.33229359 102
112  54.90940623  008.33130557  54.90965458  008.33107069
111  54.90940623  008.33130557
112  54.90940623  008.33130557  54.90958466  008.33116297 102
112  54.90976928  008.33149829  54.90985707  008.33171769
111  54.90976928  008.33149829
111  54.90993587  008.33200578
113  54.91008838  008.33184636
110 1 0.00 144.0000 twy A 2
111  54.90452004  008.33285884
112  54.90452004  008.33285884  54.90421569  008.33312666 102
112  54.90355415  008.33400496  54.90326967  008.33445449
111  54.90355415  008.33400496
112  54.90355415  008.33400496  54.90328720  008.33445039 102
112  54.90265413  008.33643096  54.90243952  008.33749671
111  54.90265413  008.33643096
111  54.90280084  008.33652123
112  54.90280084  008.33652123  54.90285480  008.33626215 102
112  54.90290637  008.33604755  54.90295349  008.33585993
111  54.90290637  008.33604755
111  54.90305909  008.33552826
112  54.90305909  008.33552826  54.90319210  008.33510556 102
112  54.90364995  008.33420286  54.90377165  008.33401663
111  54.90364995  008.33420286
111  54.90388013  008.33385021
112  54.90388013  008.33385021  54.90409797  008.33354133 102
112  54.90458472  008.33311398  54.90476769  008.33296904
113  54.90458472  008.33311398
110 1 0.00 90.0000 twy A 3
111  54.90265413  008.33643096
112  54.90265413  008.33643096  54.90257695  008.33680252 102
112  54.90242269  008.33813577  54.90236030  008.33886647 102
112  54.90225693  008.34056122  54.90224439  008.34105068
111  54.90225693  008.34056122
111  54.90241762  008.34059865
112  54.90241762  008.34059865  54.90243459  008.34008317 102
112  54.90258553  008.33830084  54.90265596  008.33750869
111  54.90258553  008.33830084
111  54.90262893  008.33777010
112  54.90262893  008.33777010  54.90266496  008.33720868 102
112  54.90280084  008.33652123  54.90285941  008.33623518
113  54.90280084  008.33652123
110 1 0.00 77.0000 twy A 4
111  54.90225693  008.34056122
112  54.90225693  008.34056122  54.90225194  008.34122922 102
111  54.90234122  008.34231251 102
111  54.90318363  008.35041200
111  54.90333869  008.35032916 102
111  54.90267483  008.34393319
111  54.90249672  008.34222111 102
112  54.90246664  008.34181897  54.90245424  008.34163058
111  54.90246664  008.34181897
111  54.90242214  008.34128957
112  54.90242214  008.34128957  54.90241542  008.34122730 102
112  54.90241762  008.34059865  54.90241746  008.34040648
113  54.90241762  008.34059865
110 1 0.00 16.9000 twy A 5
111  54.90318363  008.35041200
112  54.90318363  008.35041200  54.90320025  008.35056002 102
111  54.90335300  008.35092668 102
111  54.90372548  008.35181814
111  54.90410406  008.35134751
112  54.90410406  008.35134751  54.90387689  008.35152944 102
112  54.90361306  008.35109163  54.90347602  008.35083928
111  54.90361306  008.35109163 102
112  54.90333869  008.35032916  54.90332225  008.35012770
113  54.90333869  008.35032916
110 1 0.00 43.0000 twy B
111  54.90267483  008.34393319
112  54.90267483  008.34393319  54.90275020  008.34383038 102
112  54.90345329  008.34557890  54.90415978  008.34677828
111  54.90345329  008.34557890 102
111  54.90572806  008.34916400
112  54.90572806  008.34916400  54.90576068  008.34923053 102
111  54.90572857  008.34933168
111  54.90609970  008.34887147 102
112  54.90575078  008.34886814  54.90562255  008.34867836
111  54.90575078  008.34886814 102
111  54.90391376  008.34592672
111  54.90369217  008.34556871
112  54.90369217  008.34556871  54.90323304  008.34491209 102
112  54.90296540  008.34411290  54.90285816  008.34381201
111  54.90296540  008.34411290
111  54.90281391  008.34364625
112  54.90281391  008.34364625  54.90269539  008.34322420 102
112  54.90249672  008.34222111  54.90247591  008.34203870
113  54.90249672  008.34222111
110 1 0.00 113.0000 twy C
112  54.91749634  008.33232738  54.91747195  008.33245737
111  54.91749634  008.33232738 102
111  54.91666246  008.33578218
111  54.91686771  008.33553266 102
111  54.91771389  008.33203910
112  54.91771389  008.33203910  54.91774513  008.33191407 102
111  54.91788058  008.33191219
111  54.91729498  008.33191543
114  54.91729498  008.33191543  54.91753286  008.33195523 102
110 1 0.00 180.0000 twy D 1
111  54.91788105  008.33162165 102
111  54.91414835  008.33161271
111  54.91278326  008.33162346 102
111  54.91273729  008.33162401
111  54.91232270  008.33162821 102
111  54.91088627  008.33162138 102
112  54.91053884  008.33130610  54.91040762  008.33095281
111  54.91053884  008.33130610
111  54.91041065  008.33142011
111  54.91091250  008.33291926
112  54.91091250  008.33291926  54.91083251  008.33254968 102
112  54.91120353  008.33200692  54.91145787  008.33197503
111  54.91120353  008.33200692 102
111  54.91269672  008.33198345
111  54.91479036  008.33195505 102
111  54.91729498  008.33191543
111  54.91788058  008.33191219 102
113  54.91788058  008.33191219
110 1 0.00 179.0000 twy D 2
112  54.91399924  008.33238668  54.91396089  008.33242336
112  54.91346598  008.33239821  54.91337809  008.33239425
112  54.91317536  008.33211559  54.91313944  008.33202122
111  54.91320917  008.33197688
111  54.91269672  008.33198345
112  54.91334636  008.33264107  54.91338822  008.33268277
112  54.91349382  008.33267512  54.91357618  008.33267640
112  54.91397882  008.33268582  54.91404575  008.33268582
112  54.91411821  008.33261193  54.91416957  008.33256321
111  54.91479036  008.33195505
113  54.91444163  008.33195919
110 1 0.00 22.0000 twy D 3
111  54.91788058  008.33191219 102
111  54.91840633  008.33222564
112  54.91840633  008.33222564  54.91881831  008.33268589 102
112  54.91837222  008.33366024  54.91809497  008.33402640
111  54.91837222  008.33366024
111  54.91920413  008.33262941 102
111  54.91907093  008.33239028 102
113  54.91788105  008.33162165
110 1 0.00 176.0000 twy E
111  54.91634212  008.34901176
111  54.91653711  008.34959281 102
111  54.91734567  008.34944477
111  54.91782939  008.34933794
111  54.91778826  008.34907866
111  54.91729060  008.34914151 102
111  54.91658477  008.34923067
114  54.91658477  008.34923067  54.91644271  008.34921943 102
110 1 0.00 124.0000 twy F 1
111  54.91838105  008.33595154 102
111  54.91810762  008.33661894
111  54.91798623  008.33691333 102
111  54.91693265  008.33948593
111  54.91705663  008.33963405 102
113  54.91850895  008.33608845
110 1 0.00 0.0000 twy F 2
112  54.91705663  008.33963405  54.91730470  008.33894037
111  54.91705663  008.33963405
111  54.91693265  008.33948593
112  54.91693265  008.33948593  54.91678692  008.33995188 102
112  54.91656909  008.34302647  54.91679799  008.34496414
111  54.91656909  008.34302647
111  54.91670099  008.34295663
114  54.91670099  008.34295663  54.91652845  008.34124340 102
110 1 0.00 0.0000 twy F 3
112  54.91766524  008.34861379  54.91760794  008.34824677
111  54.91766524  008.34861379 102
111  54.91670099  008.34295663
111  54.91656909  008.34302647 102
111  54.91749122  008.34846345
112  54.91749122  008.34846345  54.91756154  008.34894374 102
111  54.91729060  008.34914151
113  54.91773733  008.34908502 102
110 1 0.00 0.0000 twy F 4
111  54.91777847  008.34934968
111  54.91734567  008.34944477 102
112  54.91770166  008.34988905  54.91782650  008.35034964
111  54.91770166  008.34988905 102
111  54.91776727  008.35062321
112  54.91776727  008.35062321  54.91774463  008.35128436 102
112  54.91699655  008.35095785  54.91673151  008.35025087
111  54.91699655  008.35095785
111  54.91728226  008.35179839 102
111  54.91763412  008.35145204
112  54.91763412  008.35145204  54.91794783  008.35110599 102
111  54.91789946  008.35056192 102
111  54.91785131  008.34987893
114  54.91785131  008.34987893  54.91782304  008.34966116 102
110 1 0.00 162.7000 twy G 1
111  54.91661600  008.35119857
112  54.91661600  008.35119857  54.91677124  008.35176968
112  54.91632409  008.35248540  54.91596025  008.35286521
111  54.91632409  008.35248540
112  54.91595368  008.35278439  54.91573183  008.35292622
111  54.91595368  008.35278439
112  54.91556292  008.35298661  54.91531507  008.35308595
111  54.91556292  008.35298661
111  54.91287584  008.35423369
111  54.91291056  008.35447938
111  54.91559975  008.35321810
112  54.91559975  008.35321810  54.91580385  008.35313989
111  54.91600682  008.35300929
112  54.91600682  008.35300929  54.91623535  008.35285351
111  54.91639884  008.35269189
113  54.91693588  008.35214553
110 1 0.00 0.0000 twy G 2
111  54.91186492  008.35433227
111  54.90753254  008.35432686
111  54.90753120  008.35458610
111  54.91219650  008.35458069
112  54.91219650  008.35458069  54.91268855  008.35458280
111  54.91291056  008.35447938
111  54.91287584  008.35423369
112  54.91287584  008.35423369  54.91275038  008.35429496
112  54.91244843  008.35433114  54.91237995  008.35433191
113  54.91244843  008.35433114
110 1 0.00 16.9000 twy G 3
111  54.90396782  008.35238070 102
111  54.90417610  008.35286114
112  54.90417610  008.35286114  54.90425718  008.35294274 102
111  54.90442239  008.35307304 102
111  54.90708641  008.35439911
111  54.90705108  008.35413534 102
111  54.90481032  008.35301738
112  54.90481032  008.35301738  54.90432881  008.35258303 102
112  54.90462897  008.35155602  54.90470726  008.35144806
113  54.90462897  008.35155602
110 1 0.00 95.0000 twy G 4
111  54.90705108  008.35413534
111  54.90708641  008.35439911
112  54.90718766  008.35464363  54.90718766  008.35486709
111  54.90718766  008.35464363
111  54.90715888  008.35545851
112  54.90715888  008.35545851  54.90714712  008.35559403
112  54.90697947  008.35596166  54.90692361  008.35616878
111  54.90697947  008.35596166
111  54.90671141  008.35758896
111  54.90679484  008.35763172
111  54.90679138  008.35765118
111  54.90696349  008.35774126
111  54.90715971  008.35663456
111  54.90703937  008.35657122
111  54.90711720  008.35612185
111  54.90723786  008.35618503
112  54.90726557  008.35598493  54.90727231  008.35592903
111  54.90728456  008.35577769
111  54.90723112  008.35576518
111  54.90724527  008.35557896
111  54.90729879  008.35559132
111  54.90731894  008.35493234
112  54.90731894  008.35493234  54.90734103  008.35466537
111  54.90753120  008.35458610
113  54.90753254  008.35432686
112  54.90711436  008.35580292  54.90713746  008.35581690
111  54.90708814  008.35613600
111  54.90685738  008.35748982
111  54.90682256  008.35747138
111  54.90681784  008.35749960
111  54.90678050  008.35748027
113  54.90701696  008.35604708
110 1 0.00 85.0000 twy K + L
112  54.91957122  008.33660093  54.91961679  008.33731587
111  54.91957122  008.33660093 102
111  54.91982240  008.34164106
111  54.91995649  008.34161552 102
111  54.91991702  008.34082058
111  54.91988632  008.34020225 102
111  54.91974561  008.33727192
111  54.91967950  008.33597112 102
111  54.91956399  008.33352274 102
111  54.91943060  008.33321343
111  54.91852817  008.33432417
112  54.91852817  008.33432417  54.91867682  008.33426651 102
112  54.91879578  008.33437166  54.91877779  008.33445567
111  54.91879578  008.33437166 102
111  54.91838105  008.33595154
111  54.91850895  008.33608845
112  54.91850895  008.33608845  54.91876051  008.33553384 102
114  54.91916534  008.33556765  54.91936635  008.33565826 102
112  54.91946448  008.33452009  54.91947175  008.33467980
111  54.91946448  008.33452009 102
111  54.91950037  008.33549229
112  54.91950037  008.33549229  54.91949956  008.33554599 102
112  54.91944884  008.33553127  54.91944063  008.33551224
111  54.91944884  008.33553127
112  54.91944884  008.33553127  54.91940234  008.33543471 102
112  54.91892634  008.33527392  54.91863539  008.33533558
111  54.91892634  008.33527392
112  54.91892634  008.33527392  54.91888579  008.33529005 102
112  54.91887460  008.33517497  54.91887201  008.33514305
111  54.91887460  008.33517497 102
112  54.91887289  008.33491857  54.91888229  008.33485529 102
111  54.91891412  008.33463892
114  54.91891412  008.33463892  54.91910683  008.33418446
110 3 0.00 69.0000 twy I
111  54.91164927  008.32715929
111  54.91227659  008.33036415
111  54.91232270  008.33162821
111  54.91253114  008.33162433
111  54.91251164  008.33030884
111  54.91183430  008.32684168
114  54.91175257  008.32697675  54.91174245  008.32699388
110 2 0.00 72.0000 New Taxiway 13
111  54.90512497  008.33278084
112  54.90530831  008.33306983  54.90538124  008.33337612
111  54.90530831  008.33306983
111  54.90537707  008.33341363
112  54.90532818  008.33366676  54.90534908  008.33378044
112  54.90551266  008.33384878  54.90560825  008.33379929
112  54.90559459  008.33352923  54.90557281  008.33340936
111  54.90548306  008.33335882
111  54.90543723  008.33302001
112  54.90543723  008.33302001  54.90538564  008.33268896
113  54.90557187  008.33262140
110 2 0.00 47.0000 New Taxiway 12
111  54.90364995  008.33420286
112  54.90371552  008.33420088  54.90374093  008.33423930
111  54.90371552  008.33420088
111  54.90375846  008.33427334
112  54.90375563  008.33445997  54.90378876  008.33453489
111  54.90385590  008.33449420
111  54.90396762  008.33436530
112  54.90396762  008.33436530  54.90399942  008.33432410
112  54.90397198  008.33417966  54.90393199  008.33412126
111  54.90397198  008.33417966
112  54.90397198  008.33417966  54.90379858  008.33415277
113  54.90388013  008.33385021
110 3 0.00 27.0000 New Taxiway 11
111  54.90290637  008.33604755
112  54.90303771  008.33599169  54.90310699  008.33603011
111  54.90303771  008.33599169
111  54.90331997  008.33624177
111  54.90337675  008.33604829
111  54.90308786  008.33578147
112  54.90308786  008.33578147  54.90304268  008.33571686
113  54.90305909  008.33552826
110 3 0.00 8.0000 New Taxiway 11
111  54.90258553  008.33830084
112  54.90268007  008.33818529  54.90274744  008.33819297
111  54.90268007  008.33818529
111  54.90301182  008.33826044
111  54.90302791  008.33803869
111  54.90269970  008.33795323
112  54.90269970  008.33795323  54.90264668  008.33791289
113  54.90262893  008.33777010
110 3 0.00 176.0000 New Taxiway 11
111  54.90246664  008.34181897
112  54.90261918  008.34159444  54.90277421  008.34156422
111  54.90261918  008.34159444
111  54.90285408  008.34156872
111  54.90284775  008.34135550
111  54.90250479  008.34139484
112  54.90250479  008.34139484  54.90245935  008.34139484
113  54.90242214  008.34128957
110 2 0.00 152.0000 New Taxiway 11
111  54.90296540  008.34411290
112  54.90302707  008.34387256  54.90310351  008.34379841
111  54.90302707  008.34387256
111  54.90332037  008.34359210
111  54.90325176  008.34338841
111  54.90294769  008.34368342
112  54.90294769  008.34368342  54.90289329  008.34374223
113  54.90281391  008.34364625
110 3 0.00 133.0000 New Taxiway 11
111  54.90391376  008.34592672
112  54.90392164  008.34569573  54.90395679  008.34563286
111  54.90392164  008.34569573
111  54.90413165  008.34531364
111  54.90404813  008.34517386
111  54.90382498  008.34557338
112  54.90382498  008.34557338  54.90379586  008.34563974
113  54.90369217  008.34556871
110 2 0.00 113.0000 old_runway
111  54.91746171  008.33134120
111  54.91278929  008.35020740
111  54.91335068  008.35105406
113  54.91810752  008.33177825
110 2 0.00 55.0000 old twy 1
111  54.90647029  008.35061404
112  54.90647029  008.35061404  54.90687141  008.35161462
112  54.90716108  008.35398447  54.90719575  008.35495578
111  54.90716108  008.35398447
112  54.90716108  008.35398447  54.90717139  008.35417313
111  54.90705108  008.35413534
111  54.90753254  008.35432686
112  54.90730183  008.35399336  54.90728750  008.35377879
111  54.90730183  008.35399336
112  54.90730183  008.35399336  54.90725565  008.35300264
112  54.90662583  008.35057905  54.90622413  008.34952401
111  54.90662583  008.35057905
111  54.90639729  008.35005701
112  54.90639729  008.35005701  54.90621836  008.34964206
111  54.90639024  008.34936918
111  54.90603875  008.34980371
112  54.90613068  008.34985369  54.90617486  008.34992285
113  54.90613068  008.34985369
110 4 0.00 113.0000 old twy 2
111  54.91771602  008.33151382
111  54.91785027  008.33160446
111  54.91885641  008.32752187
113  54.91873300  008.32743405
110 2 0.00 113.0000 old twy 2
111  54.91216925  008.35399368
112  54.91216925  008.35399368  54.91210778  008.35424011
111  54.91186492  008.35433227
111  54.91244843  008.35433114
112  54.91231491  008.35402972  54.91234297  008.35379724
111  54.91231491  008.35402972
111  54.91312124  008.35069165
113  54.91302336  008.35054915
110 2 0.00 34.0000 old twy 3
111  54.91084431  008.34385016
111  54.91001261  008.34488089
112  54.91039899  008.34488089  54.91055404  008.34505176
111  54.91039899  008.34488089
111  54.91314823  008.34809925
112  54.91314823  008.34809925  54.91324240  008.34821788
111  54.91320954  008.34851451
111  54.91342821  008.34763912
112  54.91320767  008.34775027  54.91309595  008.34762828
111  54.91320767  008.34775027
111  54.91077794  008.34489381
114  54.91077794  008.34489381  54.91044105  008.34450124
110 2 0.00 355.0000 old twy 4
112  54.91526416  008.34948093  54.91467912  008.34953880
111  54.91526416  008.34948093
111  54.91405965  008.34969616
112  54.91405965  008.34969616  54.91382016  008.34966875
111  54.91377231  008.34932575
111  54.91357260  008.35013091
111  54.91566124  008.34974475
112  54.91566124  008.34974475  54.91609366  008.34965965
111  54.91622599  008.35003379
113  54.91567381  008.34839624
110 2 0.00 43.0000 New Taxiway 3
111  54.91783512  008.33648277
111  54.91796893  008.33670326
112  54.91796893  008.33670326  54.91800500  008.33676184
111  54.91798623  008.33691333
111  54.91810762  008.33661894
112  54.91799666  008.33663633  54.91795788  008.33658507
111  54.91799666  008.33663633
113  54.91786492  008.33642292
110 4 0.00 41.0000 New Taxiway 7
111  54.90778243  008.34206082
112  54.90778243  008.34206082  54.90778148  008.34251210
112  54.90823732  008.34370558  54.90840192  008.34399208
111  54.90823732  008.34370558
111  54.90915501  008.34509006
111  54.90921529  008.34501584
111  54.90828870  008.34362045
112  54.90828870  008.34362045  54.90811611  008.34329226
112  54.90784939  008.34196324  54.90784562  008.34145452
111  54.90784939  008.34196324
111  54.90784884  008.34149467
113  54.90778221  008.34149428
110 4 0.00 21.0000 New Taxiway 6
111  54.90977155  008.33150267
112  54.90975017  008.33167350  54.90972652  008.33178739
111  54.90975017  008.33167350
111  54.90790588  008.34037502
112  54.90790588  008.34037502  54.90781700  008.34084970
112  54.90778221  008.34149428  54.90777987  008.34184961
111  54.90778221  008.34149428
111  54.90784884  008.34149467
112  54.90784884  008.34149467  54.90785040  008.34113934
112  54.90796605  008.34042153  54.90805572  008.33997126
111  54.90796605  008.34042153
111  54.90980510  008.33172519
112  54.90980510  008.33172519  54.90981456  008.33168723
113  54.90984324  008.33171962
110 1 0.00 0.0000 New Taxiway 5
112  54.91348108  008.33008013  54.91344592  008.32998613
111  54.91348108  008.33008013
112  54.91342790  008.32988981  54.91341953  008.32979117
111  54.91342790  008.32988981
111  54.91340462  008.32525759
111  54.91336805  008.32527471
111  54.91339006  008.32933701
111  54.91336466  008.32936874
111  54.91279216  008.32936857
111  54.91279370  008.32988120
112  54.91271487  008.32996351  54.91268729  008.33002245
112  54.91266993  008.33014947  54.91266769  008.33024505
111  54.91265830  008.33162600
111  54.91273729  008.33162401
112  54.91273989  008.33020832  54.91274213  008.33013445
112  54.91281233  008.33003921  54.91286485  008.33003921
112  54.91330875  008.33004650  54.91336157  008.33005003
111  54.91342286  008.33015778
112  54.91346472  008.33035711  54.91346573  008.33046667
111  54.91346873  008.33085594
111  54.91364284  008.33085370
113  54.91364178  008.33017380
110 4 0.00 59.0000 New Taxiway 4
112  54.91367391  008.34289023  54.91360509  008.34296610
111  54.91367391  008.34289023
111  54.91278844  008.34380693
112  54.91280974  008.34388291  54.91283738  008.34389114
111  54.91280974  008.34388291
112  54.91280974  008.34388291  54.91287012  008.34381774
111  54.91291383  008.34398191
112  54.91291383  008.34398191  54.91294547  008.34400026
111  54.91299923  008.34395358
112  54.91299436  008.34366536  54.91305328  008.34360208
111  54.91299436  008.34366536
111  54.91369371  008.34294953
112  54.91369371  008.34294953  54.91376373  008.34288827
111  54.91384199  008.34297651
113  54.91373060  008.34264737
110 4 0.00 53.0000 New Taxiway 1
111  54.91766210  008.33540270
111  54.91782071  008.33577343
111  54.91792757  008.33563321
113  54.91777159  008.33526310
110 2 0.00 0.0000 New Taxiway 2
111  54.91320917  008.33197688
112  54.91317536  008.33211559  54.91321111  008.33221096
112  54.91346598  008.33239821  54.91355386  008.33240217
112  54.91399915  008.33238577  54.91403741  008.33234819
113  54.91443877  008.33195749
110 1 0.00 0.0000 parking lot terminal
111  54.91346352  008.32887869
111  54.91346352  008.32930148
111  54.91421552  008.32929177
111  54.91423307  008.32931793
111  54.91428293  008.32920753
111  54.91429034  008.32921835
111  54.91432417  008.32913778
111  54.91429250  008.32909713
111  54.91432985  008.32900441
111  54.91436326  008.32904659
111  54.91439391  008.32897432
113  54.91432890  008.32887689
110 3 0.00 85.0000 grass term
111  54.91342501  008.32930053
111  54.91342790  008.32988981
112  54.91348574  008.33009062  54.91353154  008.33017732
111  54.91364178  008.33017380
111  54.91364090  008.33007689
111  54.91359037  008.33007872
111  54.91358672  008.32956185
111  54.91359147  008.32945620
111  54.91360565  008.32939090
111  54.91363278  008.32934077
111  54.91366826  008.32931752
111  54.91410699  008.32931583
111  54.91411207  008.32940204
111  54.91420660  008.32940329
111  54.91425013  008.32937724
111  54.91429910  008.32927254
111  54.91429034  008.32921835
111  54.91428293  008.32920753
111  54.91423307  008.32931793
111  54.91421552  008.32929177
113  54.91346352  008.32930148
110 3 0.00 85.0000 grass term
111  54.91432417  008.32913778
111  54.91435995  008.32913266
111  54.91438383  008.32907858
111  54.91436326  008.32904659
111  54.91432985  008.32900441
113  54.91429250  008.32909713
110 3 0.00 85.0000 grass term
111  54.91400707  008.32994718
111  54.91404383  008.32988304
111  54.91419770  008.32951820
113  54.91400703  008.32951507
110 3 0.00 85.0000 grass term
111  54.91368861  008.32989810
111  54.91371738  008.32993767
111  54.91371959  008.32993310
111  54.91370716  008.32990478
111  54.91370620  008.32954205
113  54.91368793  008.32960216
110 2 0.00 55.0000 papi 14
112  54.91734438  008.33604612  54.91733857  008.33612362
111  54.91734438  008.33604612
111  54.91750848  008.33646810
112  54.91750848  008.33646810  54.91754672  008.33647989
112  54.91757474  008.33638727  54.91758491  008.33631398
111  54.91757474  008.33638727
111  54.91741077  008.33596064
114  54.91741077  008.33596064  54.91737591  008.33595391
110 2 0.00 55.0000 papi 32
112  54.90602906  008.35004417  54.90602293  008.35011922
111  54.90602906  008.35004417
111  54.90620218  008.35045282
112  54.90620218  008.35045282  54.90624254  008.35046424
112  54.90627210  008.35037454  54.90628282  008.35030357
111  54.90627210  008.35037454
111  54.90609909  008.34996139
114  54.90609909  008.34996139  54.90606232  008.34995487
130 Airport Boundary 1
111  54.91961347  008.32785193
111  54.91843662  008.32922417
111  54.91830910  008.32913682
111  54.91726505  008.33021988
111  54.91404325  008.33016236
111  54.91363823  008.33016301
111  54.91353696  008.33007689
111  54.91345329  008.32992471
111  54.91345305  008.32885728
111  54.91431635  008.32885728
111  54.91611302  008.32471095
111  54.91626479  008.32471652
111  54.91641146  008.32437719
111  54.91640468  008.32386211
111  54.91619040  008.32375048
111  54.91591333  008.32358754
111  54.91554735  008.32356318
111  54.91364998  008.32398314
111  54.91313341  008.32416052
111  54.91254381  008.32453588
111  54.91201776  008.32502060
111  54.91165800  008.32539143
111  54.91125974  008.32563336
111  54.91108456  008.32567786
111  54.91086541  008.32608392
111  54.91095058  008.32621003
111  54.91070731  008.32675157
111  54.91066712  008.32670319
111  54.91059461  008.32667122
111  54.91051676  008.32658094
111  54.91065933  008.32624087
111  54.91061901  008.32618876
111  54.91002842  008.32636344
111  54.91002150  008.32603235
111  54.91000484  008.32603343
111  54.90996961  008.32587475
111  54.90855847  008.32482921
111  54.90719785  008.32548706
111  54.90597902  008.33201059
111  54.90546341  008.33210838
111  54.90497852  008.33228082
111  54.90428651  008.33283892
111  54.90384213  008.33333486
111  54.90340592  008.33397563
111  54.90306995  008.33459762
111  54.90297458  008.33442529
111  54.90264930  008.33525896
111  54.90237654  008.33604495
111  54.90219687  008.33707578
111  54.90188133  008.34087539
111  54.90249362  008.34619861
111  54.90292538  008.34997651
111  54.90272907  008.35070873
111  54.90244584  008.35062473
111  54.90026431  008.35323104
111  54.90205941  008.35762576
111  54.90492395  008.35408593
111  54.90602476  008.35457329
111  54.90576422  008.35661149
111  54.90636974  008.35795166
111  54.90702427  008.35804568
111  54.90761661  008.35477655
111  54.91237265  008.35480465
111  54.91518948  008.35393048
111  54.91689617  008.35432251
111  54.91828158  008.35258378
111  54.91859099  008.35217295
111  54.92176167  008.34801966
111  54.92177565  008.34081975
111  54.92177350  008.34052186
111  54.92159489  008.33396451
111  54.92153907  008.33301250
113  54.92122781  008.33167487
120 Linear Feature 1
112  54.91980456  008.34003638  54.91981208  008.34018637 1 101
112  54.91985860  008.34110223  54.91988232  008.34157410
111  54.91985860  008.34110223
112  54.91985860  008.34110223  54.91986745  008.34127825 1 101
112  54.91988308  008.34162938  54.91990755  008.34215652
111  54.91988308  008.34162938
112  54.91988308  008.34162938  54.91989041  008.34248767 1 101
115  54.91986479  008.34251111
120 Linear Feature 29
111  54.91079836  008.32824975 54 104
115  54.91063568  008.32816554
120 Linear Feature 28
111  54.91096876  008.32851431 54 104
115  54.91084621  008.32830417
120 Linear Feature 27
111  54.91120353  008.33200692 54 103
115  54.91120213  008.33162193
120 Linear Feature 26
111  54.90915582  008.33125996 54 104
115  54.90923120  008.33148190
120 Linear Feature 25
111  54.90545530  008.34839612 54 104
115  54.90536068  008.34858360
120 Linear Feature 24
111  54.90347956  008.35077911 54 104
115  54.90335740  008.35093586
120 Linear Feature 22
111  54.90558111  008.35364936 54 104
115  54.90561727  008.35342446
120 Linear Feature 20
111  54.91697513  008.34951233 54 104
115  54.91695727  008.34918374
120 Linear Feature 18
111  54.91779415  008.35119994 54 104
115  54.91767542  008.35105117
120 holdpoint 14 w 1
111  54.91715568  008.33434462 54 104
115  54.91703013  008.33426067
120 holdpoint 14 w 2
111  54.91840218  008.33195991 54 104
115  54.91835301  008.33219371
120 Linear Feature 13
111  54.91989398  008.33736795 5 103
115  54.92001280  008.33725125
120 Linear Feature 12
111  54.91979698  008.34111495 5 103
115  54.91993015  008.34109117
120 Linear Feature 12
111  54.91961574  008.33749723 5 103
115  54.91975505  008.33747570
120 holdpoint 14 e 1
111  54.91844455  008.33570949 54 104
115  54.91887460  008.33517497
120 holdpoint 14 e 2
111  54.91946448  008.33452009 54 104
115  54.91961004  008.33449693
120 Linear Feature 8
112  54.91886266  008.33266097  54.91895655  008.33293432 1 101
112  54.91895712  008.33406254  54.91886511  008.33455603
111  54.91895712  008.33406254 1 101
115  54.91884336  008.33457385
120 Linear Feature 3
112  54.91875767  008.33361534  54.91887548  008.33351684 1 101
116  54.91895712  008.33406254  54.91889278  008.33436445
120 Linear Feature 6
111  54.91849416  008.33393946 1 101
111  54.91875558  008.33361707
112  54.91875558  008.33361707  54.91913222  008.33312842 1 101
116  54.91939280  008.33352402  54.91944058  008.33360763
120 Linear Feature 5
112  54.91876444  008.33240918  54.91882347  008.33251726 1 101
112  54.91886266  008.33266097  54.91887665  008.33271051
111  54.91886266  008.33266097
112  54.91886266  008.33266097  54.91895805  008.33304824 1 101
112  54.91875558  008.33361707  54.91863986  008.33378169
111  54.91875558  008.33361707 1 101
115  54.91849416  008.33393946
120 Linear Feature 4
111  54.90446643  008.35132904 1 101
111  54.90429461  008.35154212
112  54.90429461  008.35154212  54.90399661  008.35190401 1 101
112  54.90461713  008.35304222  54.90489530  008.35318870
111  54.90461713  008.35304222 1 101
115  54.90716993  008.35432263
120 Linear Feature 3
112  54.90648820  008.34882436  54.90626945  008.34908106 1 101
112  54.90579670  008.34912313  54.90556142  008.34879292
111  54.90579670  008.34912313 1 101
111  54.90344529  008.34536705
112  54.90344529  008.34536705  54.90303887  008.34470460 1 101
112  54.90275150  008.34376149  54.90268327  008.34355692
111  54.90275150  008.34376149
112  54.90275150  008.34376149  54.90254338  008.34308879 1 101
115  54.90241935  008.34223747
120 Linear Feature 12
112  54.91758954  008.33224287  54.91763581  008.33204878 1 101
116  54.91792982  008.33180222  54.91818951  008.33189031
120 Linear Feature 11
111  54.91641865  008.33651442 1 101
111  54.91658577  008.33630594
112  54.91658577  008.33630594  54.91665290  008.33621300 1 101
111  54.91669604  008.33595846 1 101
111  54.91758954  008.33224287
112  54.91758954  008.33224287  54.91765367  008.33195757 1 101
116  54.91734248  008.33176609  54.91709903  008.33176326
120 Linear Feature 2
112  54.91068205  008.33292060  54.91057405  008.33261386 1 101
116  54.91089452  008.33182181  54.91135202  008.33181211
120 Linear Feature 1
111  54.91250597  008.33180382 1 101
111  54.91311591  008.33179297 1 101
111  54.91350414  008.33179009 1 101
111  54.91380736  008.33178782 1 101
111  54.91408337  008.33178670 1 101
115  54.91490778  008.33178069
120 Linear Feature 3
111  54.91242524  008.33162601 2
116  54.91250597  008.33180382  54.91260482  008.33180202
120 Linear Feature 7
111  54.91347056  008.33163227 1
116  54.91338209  008.33179102  54.91329701  008.33179164
120 Linear Feature 6
112  54.91355246  008.33178972  54.91346355  008.33178861 1
111  54.91347056  008.33163227 1
115  54.91347208  008.33083456
120 Linear Feature 5
111  54.91386873  008.33163129 1
116  54.91378217  008.33178847  54.91369933  008.33178943
120 Linear Feature 4
112  54.91394666  008.33178727  54.91387010  008.33178725 1
111  54.91386873  008.33163129 1
115  54.91386904  008.33088935
120 Linear Feature 10
112  54.91730956  008.34929786  54.91757859  008.34925550 1 101
116  54.91777873  008.34991410  54.91783853  008.35034828
120 Linear Feature 9
112  54.91604357  008.34881250  54.91619912  008.34926334 1 101
112  54.91666038  008.34939819  54.91706426  008.34933873
111  54.91666038  008.34939819 1 101
111  54.91730956  008.34929786
112  54.91730956  008.34929786  54.91750154  008.34927550 1 101
116  54.91755832  008.34841333  54.91747203  008.34785981
120 Linear Feature 8
111  54.91884336  008.33457385 1 101
112  54.91844766  008.33600155  54.91825234  008.33649017
111  54.91844766  008.33600155 1 101
111  54.91699926  008.33954942
112  54.91699926  008.33954942  54.91664870  008.34047660 1 101
112  54.91663323  008.34298577  54.91680159  008.34424049
111  54.91663323  008.34298577 1 101
111  54.91755832  008.34841333
112  54.91755832  008.34841333  54.91762475  008.34884316 1 101
112  54.91777873  008.34991410  54.91779725  008.35010744 1 101
112  54.91783724  008.35063245  54.91784061  008.35089610
111  54.91783724  008.35063245
112  54.91783724  008.35063245  54.91782714  008.35089024 1 101
112  54.91744144  008.35148183  54.91710638  008.35169568
111  54.91744144  008.35148183
112  54.91744144  008.35148183  54.91737746  008.35151991 1 101
112  54.91690950  008.35137897  54.91680005  008.35107724
111  54.91690950  008.35137897 1 101
115  54.91670493  008.35077497
120 Linear Feature 14
111  54.92011071  008.34016427 1 101
111  54.92008007  008.34022523
112  54.92008007  008.34022523  54.92002717  008.34033128 1 101
116  54.91980456  008.34003638  54.91976801  008.33940298
120 Linear Feature 13
112  54.91957958  008.33556717  54.91961188  008.33605247 1 101
112  54.91971510  008.33649901  54.91978015  008.33678151
111  54.91971510  008.33649901 1 101
115  54.92000178  008.33745485
120 Linear Feature 15
112  54.91948695  008.33574939  54.91956246  008.33587466 1
116  54.91971510  008.33649901  54.91977362  008.33668609
120 Linear Feature 12
112  54.91844766  008.33600155  54.91871731  008.33529219 1 101
112  54.91948695  008.33574939  54.91977807  008.33630201
111  54.91948695  008.33574939
112  54.91948695  008.33574939  54.91955372  008.33589978 1 101
116  54.91964672  008.33660381  54.91968435  008.33707461
120 Linear Feature 3
112  54.91043004  008.33173404  54.91037136  008.33167673 1 101
112  54.91016033  008.33133811  54.91009479  008.33114724
111  54.91016033  008.33133811 1 101
111  54.91004410  008.33099092
112  54.91004410  008.33099092  54.90993097  008.33065273 1 101
116  54.91016743  008.32981380  54.91028115  008.32962190
120 Linear Feature 2
112  54.91040782  008.32941705  54.91054046  008.32913933 1 101
111  54.91070841  008.32826568 1 101
115  54.91088510  008.32715392
120 Linear Feature 1
112  54.90939458  008.33115878  54.90961544  008.33094516 1 101
111  54.91016743  008.32981380 1 101
111  54.91040782  008.32941705 1 101
112  54.91084347  008.32853940  54.91089389  008.32843965 1 101
115  54.91126555  008.32771377
120 main taxi line
111  54.91980438  008.34003730 1 101
111  54.91964672  008.33660381
112  54.91964672  008.33660381  54.91963746  008.33637501 1 101
112  54.91957958  008.33556717  54.91956477  008.33517080
111  54.91957958  008.33556717 1 101
111  54.91951649  008.33401093 1 101
112  54.91939280  008.33352402  54.91927434  008.33330663
111  54.91939280  008.33352402 1 101
111  54.91876444  008.33240918
112  54.91876444  008.33240918  54.91871301  008.33232073 1 101
112  54.91858082  008.33221074  54.91848022  008.33214580
111  54.91858082  008.33221074 1 101
111  54.91792982  008.33180222
112  54.91792982  008.33180222  54.91783906  008.33175539 1 101
112  54.91734248  008.33176609  54.91682916  008.33176391
111  54.91734248  008.33176609 1 101
111  54.91490778  008.33178069
112  54.91490778  008.33178069  54.91478284  008.33178351 1 101
112  54.91459552  008.33197580  54.91445110  008.33212824
111  54.91459552  008.33197580 1 101
112  54.91419970  008.33237375  54.91412859  008.33244283 1 101
112  54.91398463  008.33254487  54.91392461  008.33254487 1 101
111  54.91345434  008.33253524 1 101
112  54.91331741  008.33246701  54.91324240  008.33239659
111  54.91331741  008.33246701 1 101
112  54.91287608  008.33196281  54.91280971  008.33188369 1 101
112  54.91256922  008.33180270  54.91244146  008.33180328
111  54.91256922  008.33180270 1 101
111  54.91089452  008.33182181
112  54.91089452  008.33182181  54.91079986  008.33181870 1 101
112  54.91043004  008.33173404  54.91031114  008.33164679
111  54.91043004  008.33173404 1 101
111  54.90973908  008.33113388 1 101
112  54.90939458  008.33115878  54.90922582  008.33133378
111  54.90939458  008.33115878 1 101
112  54.90853782  008.33190454  54.90812426  008.33214837
111  54.90853782  008.33190454 1 101
112  54.90778160  008.33219347  54.90729157  008.33228943
111  54.90778160  008.33219347 1 101
112  54.90684492  008.33231622  54.90632992  008.33238200
111  54.90684492  008.33231622 1 101
111  54.90594857  008.33242847 1 101
112  54.90525726  008.33258254  54.90500507  008.33270018 1 101
112  54.90448180  008.33305424  54.90424811  008.33325375 1 101
112  54.90356356  008.33417132  54.90336894  008.33455310
111  54.90356356  008.33417132
112  54.90356356  008.33417132  54.90341106  008.33441770 1 101
112  54.90295191  008.33558817  54.90276846  008.33612236
111  54.90295191  008.33558817
112  54.90295191  008.33558817  54.90264066  008.33659231 1 101
112  54.90254580  008.33771027  54.90252792  008.33786155
111  54.90254580  008.33771027
112  54.90254580  008.33771027  54.90249105  008.33822660 1 101
112  54.90237564  008.33978858  54.90235369  008.34012757
111  54.90237564  008.33978858
112  54.90237564  008.33978858  54.90230897  008.34086600 1 101
112  54.90241935  008.34223747  54.90250412  008.34314075
111  54.90241935  008.34223747 1 101
111  54.90326115  008.35037166
112  54.90326115  008.35037166  54.90328152  008.35052034 1 101
111  54.90341602  008.35085651 1 101
111  54.90376108  008.35161978
112  54.90376108  008.35161978  54.90386899  008.35184701 1 101
112  54.90422413  008.35162914  54.90432080  008.35149987
111  54.90422413  008.35162914 1 101
115  54.90446643  008.35132904
120 Linear Feature 43
111  54.91051989  008.34462396 32
115  54.91055237  008.34496540
120 Linear Feature 42
111  54.91063014  008.34475532 32
115  54.91043967  008.34482797
120 Linear Feature 43
111  54.91225943  008.35372567 32
115  54.91230590  008.35393858
120 Linear Feature 42
111  54.91234023  008.35379285 32
115  54.91222046  008.35387824
120 Linear Feature 41
111  54.90765639  008.35435524 32
115  54.90775596  008.35454221
120 Linear Feature 41
111  54.90620764  008.34991576 32
115  54.90631866  008.34993947
120 Linear Feature 41
111  54.90717805  008.35382163 32
115  54.90726893  008.35398498
120 Linear Feature 40
112  54.90627732  008.34982951  54.90627553  008.34983572 32
115  54.90625060  008.35002501
120 Linear Feature 40
112  54.90726730  008.35383135  54.90726551  008.35383756 32
115  54.90718125  008.35399413
120 Linear Feature 40
112  54.90775609  008.35435778  54.90775430  008.35436399 32
115  54.90765554  008.35454901
120 Linear Feature 41
111  54.91674862  008.35221607 32
115  54.91675301  008.35198078
120 Linear Feature 41
111  54.91668542  008.35209736 32
115  54.91681080  008.35210475
120 Linear Feature 41
111  54.91547038  008.34946606 32
115  54.91560678  008.34969096
120 Linear Feature 40
111  54.91559288  008.34944171 32
115  54.91548503  008.34970845
120 Linear Feature 39
111  54.91598907  008.33785059 32
115  54.91619317  008.33874077
120 Linear Feature 38
111  54.91632807  008.33815313 32
115  54.91582790  008.33852321
120 Linear Feature 37
111  54.91488652  008.34247971 32
115  54.91507783  008.34336317
120 Linear Feature 36
111  54.91522817  008.34276276 32
115  54.91473425  008.34311977
120 Linear Feature 35
111  54.91409077  008.34567227 32
115  54.91427164  008.34654362
120 Linear Feature 34
111  54.91443497  008.34595773 32
115  54.91393062  008.34634500
120 Linear Feature 33
111  54.91457443  008.34304604 82
115  54.91498487  008.34426834
120 Linear Feature 32
111  54.91594647  008.33764713 82
115  54.91693996  008.33643498
120 Linear Feature 32
111  54.91417444  008.34473427 82
115  54.91459530  008.34594447
120 fuelstation border
111  54.91138685  008.32583956 31
111  54.91151525  008.32607510 31
111  54.91123861  008.32655226 31
115  54.91110204  008.32632688
120 Linear Feature 3
111  54.91300731  008.33080603 1
112  54.91301061  008.33163608  54.91301061  008.33170247 1
116  54.91311591  008.33179297  54.91319120  008.33179235
120 Linear Feature 4
112  54.91301061  008.33163608  54.91301061  008.33170247 1
116  54.91290893  008.33179678  54.91284086  008.33179748
120 Linear Feature 5
111  54.91301061  008.33163608 1
112  54.91301632  008.33194969  54.91301957  008.33202280 1
116  54.91310790  008.33222927  54.91318732  008.33231923
120 Linear Feature 6
111  54.91265830  008.33162600 102
115  54.91253114  008.33162433
120 Linear Feature 5
111  54.91269672  008.33198345 102
112  54.91334639  008.33264814  54.91338666  008.33268798 102
112  54.91349572  008.33267939  54.91355859  008.33267977 102
112  54.91397882  008.33268582  54.91404194  008.33268506 102
112  54.91411821  008.33261193  54.91416957  008.33256321 102
115  54.91479036  008.33195505
120 Linear Feature 13
111  54.91171818  008.32576918 2
111  54.91192673  008.32619024 2
111  54.91166910  008.32659989 2
111  54.91145718  008.32619399 2
115  54.91171818  008.32576918
120 Linear Feature 3
111  54.91126555  008.32771377 1
111  54.91184287  008.32657623 1
111  54.91200629  008.32631834 1
112  54.91206895  008.32618108  54.91207229  008.32613161 1
112  54.91205471  008.32607009  54.91204244  008.32604584 1
112  54.91191302  008.32576686  54.91188941  008.32571639 1
112  54.91183081  008.32578382  54.91181259  008.32580847 1
112  54.91177621  008.32590385  54.91176778  008.32595267 1
112  54.91174237  008.32610807  54.91170931  008.32615971 1
112  54.91150283  008.32646552  54.91144751  008.32654457 1
112  54.91113725  008.32679957  54.91108785  008.32684150 1
116  54.91088510  008.32715392  54.91086469  008.32728457
120 Linear Feature 11
111  54.91116008  008.32659241 20
115  54.91087193  008.32694425
120 Linear Feature 10
111  54.91107234  008.32646704 20
115  54.91097343  008.32706383
120 Linear Feature 9
111  54.91116008  008.32659241 20
111  54.91106036  008.32681021 20
111  54.91097343  008.32706383 20
111  54.91087193  008.32694425 20
113  54.91107234  008.32646704 20
120 Linear Feature 12
111  54.91209548  008.32546190 20
111  54.91219272  008.32572422 20
111  54.91200607  008.32574920 20
115  54.91209548  008.32546190
120 Linear Feature 5
111  54.91387607  008.33091318 1
115  54.91386171  008.33091290
120 Linear Feature 5
111  54.91301505  008.33082085 1
115  54.91300069  008.33082056
120 Linear Feature 5
111  54.91347903  008.33089824 1
115  54.91346467  008.33089795
120 Linear Feature 4
111  54.91346770  008.33072534 20
111  54.91318733  008.33072659 20
111  54.91312057  008.33068204 20
111  54.91278265  008.33068196 20
115  54.91278326  008.33162346
120 Linear Feature 2
111  54.91070723  008.32675202 20
115  54.91084564  008.32692115
120 Linear Feature 1
111  54.91095094  008.32620941 20
111  54.91106858  008.32638137 20
111  54.91113031  008.32624918 20
111  54.91106844  008.32614987 20
111  54.91131295  008.32574148 20
111  54.91137080  008.32584417 20
112  54.91166194  008.32540905  54.91179723  008.32525314 20
115  54.91194053  008.32511756
120 Linear Feature 3
112  54.91414835  008.33161271  54.91411826  008.33161282 20
112  54.91406977  008.33155550  54.91405481  008.33151806 20
112  54.91405071  008.33146222  54.91405062  008.33143955 20
115  54.91405065  008.33099289
120 Linear Feature 4
111  54.91370620  008.32954205 20
111  54.91370716  008.32990478 20
111  54.91371959  008.32993310 20
111  54.91371738  008.32993767 20
111  54.91368861  008.32989810 20
113  54.91368793  008.32960216 20
120 Linear Feature 2
111  54.91419770  008.32951820 20
111  54.91400703  008.32951507 20
111  54.91400707  008.32994718 20
113  54.91404383  008.32988304 20
120 Linear Feature 3
111  54.91387890  008.32994731 20
111  54.91387898  008.32951850 20
115  54.91384251  008.32951839
120 Linear Feature 5
111  54.91436326  008.32904659 20
111  54.91438383  008.32907858 20
111  54.91435995  008.32913266 20
111  54.91432417  008.32913778 20
111  54.91429250  008.32909713 20
113  54.91432985  008.32900441 20
120 Linear Feature 1
111  54.91410699  008.32931583 20
111  54.91373087  008.32931726 20
111  54.91366826  008.32931752 20
111  54.91363278  008.32934077 20
111  54.91360565  008.32939090 20
111  54.91359147  008.32945620 20
111  54.91358672  008.32956185 20
111  54.91359037  008.33007872 20
111  54.91364090  008.33007689 20
111  54.91364150  008.33016350 20
111  54.91370344  008.33016272 20
111  54.91370350  008.33013492 20
111  54.91370433  008.33012314 20
111  54.91370814  008.33011032 20
111  54.91371627  008.33010174 20
111  54.91372375  008.33010036 20
111  54.91403601  008.33010050 20
111  54.91409492  008.32994695 20
111  54.91413680  008.32999727 20
111  54.91421119  008.32981124 20
111  54.91416988  008.32975875 20
111  54.91424681  008.32957948 20
111  54.91434780  008.32934046 20
111  54.91439347  008.32934753 20
111  54.91442878  008.32926599 20
111  54.91440445  008.32920770 20
111  54.91669969  008.32393842 20
111  54.91668021  008.32379089 20
111  54.91442105  008.32897215 20
111  54.91439391  008.32897432 20
111  54.91432890  008.32887689 20
111  54.91346352  008.32887869 20
111  54.91346352  008.32930148 20
111  54.91421552  008.32929177 20
111  54.91423307  008.32931793 20
111  54.91428293  008.32920753 20
111  54.91429034  008.32921835 20
111  54.91429910  008.32927254 20
111  54.91425013  008.32937724 20
111  54.91420660  008.32940329 20
113  54.91411207  008.32940204 20
120 Linear Feature 21
111  54.91411207  008.32940204 22
112  54.91368863  008.32940627  54.91367727  008.32940633 22
112  54.91364899  008.32945736  54.91364106  008.32948815 22
112  54.91363902  008.32955467  54.91363877  008.32960036 22
115  54.91364090  008.33007689
120 Linear Feature 16
111  54.91416988  008.32975875 22
115  54.91409492  008.32994641
120 Linear Feature 15
112  54.91425943  008.32945945  54.91425175  008.32947661 20
112  54.91422825  008.32950601  54.91421488  008.32951765 20
115  54.91419770  008.32951820
120 Linear Feature 14
111  54.91669099  008.32386318 22
111  54.91444275  008.32902024 22
115  54.91425943  008.32945945
120 Linear Feature 8
111  54.91400703  008.32951507 20
112  54.91396559  008.32952392  54.91395867  008.32953438 20
111  54.91395888  008.32957322 20
115  54.91395852  008.32994130
120 Linear Feature 9
111  54.91387898  008.32951850 20
112  54.91391712  008.32952665  54.91392842  008.32953807 20
111  54.91392917  008.32957256 20
115  54.91392857  008.32994116
120 Linear Feature 10
111  54.91384251  008.32951839 20
112  54.91380021  008.32952600  54.91379299  008.32953507 20
111  54.91379163  008.32957394 20
115  54.91379197  008.32994079
120 Linear Feature 11
111  54.91370620  008.32954205 20
112  54.91374764  008.32954532  54.91375574  008.32955250 20
111  54.91375651  008.32957308 20
115  54.91375690  008.32994007
120 Linear Feature 13
111  54.91375690  008.32994576 22
115  54.91379195  008.32994619
120 Linear Feature 16
111  54.91392858  008.32994726 22
115  54.91395850  008.32994722
120 Linear Feature 17
111  54.91440445  008.32920770 20
115  54.91434780  008.32934046
120 Linear Feature 18
111  54.91418655  008.32946012 22
115  54.91371754  008.32946447
120 Linear Feature 19
111  54.91375324  008.33002323 22
115  54.91400529  008.33002374
120 Linear Feature 1
111  54.91370620  008.32954205 20
111  54.91368793  008.32960216 20
111  54.91368861  008.32989810 20
111  54.91371738  008.32993767 20
111  54.91371959  008.32993310 20
113  54.91370716  008.32990478 20
120 Linear Feature 11
112  54.91900351  008.34294138  54.91905457  008.34326837 22
112  54.91950360  008.34638125  54.91961546  008.34715725
111  54.91950360  008.34638125
112  54.91950360  008.34638125  54.91952619  008.34653795 20
112  54.91954697  008.34662726  54.91956359  008.34665884
111  54.91954697  008.34662726
112  54.91954697  008.34662726  54.91957620  008.34664438 20
112  54.91984722  008.34649951  54.91987122  008.34651611
111  54.91984722  008.34649951
112  54.91984722  008.34649951  54.91988461  008.34655717 20
111  54.91992571  008.34696328 22
115  54.92037781  008.34983689
21  54.91746379  008.33623067 2 144.5200 3.00 14  PAPI-4L
21  54.90615633  008.35020119 3 324.5300 3.00 32  PAPI-4R
20  54.91569956  008.33791934 131.4400 0 2 {@R}16
20  54.90637622  008.34844497 315.4400 0 2 {@L}32
20  54.90693665  008.35437810 182.4900 0 2 {@L}G
20  54.90485057  008.35300284 13.3100 0 2 {@L}G
20  54.90922384  008.33156553 343.9100 0 2 {@R}STOP_06
20  54.90910574  008.33122024 311.1300 0 2 {@R}STOP_06
20  54.91060105  008.32814710 117.7400 0 2 {@R}STOP_06{@@,@L}M
20  54.91100482  008.32858234 121.3900 0 2 {@R}STOP_06{@@,@L}P
20  54.91082521  008.32827322 121.3900 0 2 {@R}STOP_06{@@,@Y,^l}M|P{^r}
20  54.91122243  008.33154167 193.1800 0 2 {@R}STOP_06
20  54.91122567  008.33209382 168.8700 0 2 {@R}STOP_06
20  54.91963319  008.33449625 289.0000 0 2 {@R}STOP_14
20  54.91943053  008.33452734 255.1300 0 2 {@R}STOP_14
20  54.91894787  008.33523447 199.3000 0 2 {@R,^rd}STOP_14{@L}F
20  54.91889647  008.33518417 300.6700 0 2 {@R}STOP_14
20  54.91841433  008.33573146 283.8600 0 2 {@R}STOP_14
20  54.91832326  008.33223436 35.2800 0 2 {@R}STOP_14
20  54.91839149  008.33189649 7.5200 0 2 {@R}STOP_14
20  54.91700262  008.34957585 162.3900 0 2 {@R}STOP_24
20  54.91784477  008.35119833 112.2500 0 2 {@R}STOP_24
20  54.91697484  008.34909457 192.4700 0 2 {@R}STOP_24
20  54.91765705  008.35098006 140.4900 0 2 {@R}STOP_24
20  54.90559042  008.35371615 181.4000 0 2 {@R}STOP_32
20  54.90532962  008.34860510 51.0500 0 2 {@R}STOP_32
20  54.90545471  008.34830622 30.1200 0 2 {@R}STOP_32
20  54.90331468  008.35094771 64.6700 0 2 {@R}STOP_32
20  54.90563852  008.35338197 213.7100 0 2 {@R}STOP_32
20  54.90349600  008.35072774 46.4900 0 2 {@R}STOP_32
20  54.91611947  008.33637431 323.4500 0 2 {@Y,^l}C
20  54.91302796  008.33243694 90.0400 0 2 {@Y,^l}D{^r,@@,^l}D{^r}
20  54.91346796  008.33207328 89.8900 0 2 {@Y,^l}D{^r,@@,^l}D{^r}
20  54.91386890  008.33207811 89.8900 0 2 {@Y,^l}D{^r,@@,^l}D{^r}
20  54.91829318  008.33369323 324.1900 0 2 {@Y,^l}D|L{^ru}|F{^r}
20  54.91636880  008.34893307 56.5400 0 2 {@Y,^l}E{@@}E{^r}
20  54.91766735  008.34998674 250.9500 0 2 {@Y,^l}E{@L}F
20  54.91701220  008.35084006 61.5500 0 2 {@Y,^l}F
20  54.90440873  008.35087297 144.4900 0 2 {@Y,^l}G|A{^r}
20  54.90467929  008.35159081 137.8200 0 2 {@Y,^l}G|A{^r}
20  54.90251443  008.34205414 75.2200 0 2 {@Y,^lu}B{@L}A{@Y}32{^u,@@,@L}A
20  54.91973133  008.34113105 243.7700 0 2 {@L}L{@Y}L3{^r}
20  54.91968929  008.33996926 101.6400 0 2 {@Y,^l}L3{@L}L{@Y}APRON_4{^u}
20  54.91955084  008.33745401 259.5300 0 2 {@Y,^l}F{@L}L
20  54.92001943  008.33706115 240.9500 0 2 {@Y,^l}L{^r,@L}L3{@Y}F{^u}
20  54.91972174  008.33578798 79.7300 0 2 {@Y,^lu}L1{@L}L
20  54.91725720  008.33155727 357.6700 0 2 {@Y,^u}14{@L}D{@Y}C{^r,@@,@L}D{@Y}APRON_1{^u}
20  54.91768546  008.34844676 65.7100 0 2 {@Y}24{^u}E{^r}
20  54.90642118  008.34942865 137.4500 0 2 {@Y}B{^r}
20  54.91162489  008.32733760 321.1800 0 2 {@L}P{@Y}I{^r,@@,^l}I{@L}P
20  54.90982568  008.33179668 110.8400 0 2 {no-entry}
20  54.90915975  008.34484760 235.5400 0 2 {no-entry}
20  54.91233858  008.35403378 280.8000 0 2 {no-entry}
20  54.91216524  008.35391551 304.0400 0 2 {no-entry}
20  54.90714162  008.35400061 279.7800 0 2 {no-entry}
20  54.90779533  008.35462080 1.6300 0 2 {no-entry}
20  54.90780427  008.35429648 357.8600 0 2 {no-entry}
20  54.90733235  008.35399096 260.7600 0 2 {no-entry}
20  54.91657325  008.35262123 151.7200 0 2 {no-entry}
20  54.91545606  008.34984014 166.6900 0 2 {no-entry}
20  54.91076213  008.34479385 43.1800 0 2 {no-entry}
20  54.90618709  008.35004222 48.8500 0 2 {no-entry}
20  54.91643431  008.35223807 147.7300 0 2 {no-entry}
20  54.91541369  008.34938060 157.7200 0 2 {no-entry}
20  54.91061667  008.34519072 29.7200 0 2 {no-entry}
20  54.90635298  008.34985975 57.5700 0 2 {no-entry}
20  54.91076548  008.32915017 316.8900 0 2 {@Y,^l}GAT
20  54.91084809  008.33150999 187.4300 0 2 {@R,^l}06{@Y}A{^u,@@,@R}06{@Y}D{^u}
20  54.91050207  008.32965218 129.4000 0 2 {@R,^l}06{@Y}A{^u}
20  54.91028190  008.32924097 145.0500 0 2 {@R,^l}06{@Y}A{^u}
20  54.91065361  008.33383725 224.7900 0 2 {@Y,^ru}M|D{^r}
20  54.90942890  008.33136101 346.8900 0 2 {@Y,^u}H{@R}06{@Y}D{^ru}
20  54.90932872  008.33097050 310.7300 0 2 {@Y,^u}M_P{@R}06{@Y}D{^ru}
20  54.91383405  008.33203417 359.5800 0 2 {@Y,^l}RAMP_01{@@}RAMP_01{^r}
20  54.91343836  008.33202178 359.9200 0 2 {@Y,^l}RAMP_02{@@}RAMP_02{^r}
20  54.91276440  008.33152137 -1.9400 0 2 {@Y,^l}RAMP_03
20  54.91224848  008.33152881 -4.5200 0 2 {@Y,^l}I|{^u}APRON_1{@L}D{@Y}D{^ru}
20  54.91243654  008.33204058 91.1248 0 2 {@Y,^l}14{@L}I{@Y}06{^r}
20  54.91042569  008.32980826 316.9200 0 2 {@L}M{@Y}P{^ru}
20  54.91020503  008.32934986 316.9200 0 2 {@L}M{@Y}P{^ru}
20  54.91316017  008.33252170 186.2100 0 2 {@Y,^u}06{@L}D{@Y}I{^ru}|RAMP_03{^r}
20  54.91771103  008.33149941 285.8500 0 2 {@Y,^l}APRON_1|{^l}D{^r}|L{^r}
20  54.91816018  008.33634911 299.1200 0 2 {@Y,^lu}D{@L}F
20  54.91514063  008.33214270 171.1600 0 2 {@Y,^lu}D|{^u}APRON_1{@L}D
20  54.91657631  008.33210423 169.0200 0 2 {@L}D
20  54.91195663  008.32514744 162.5700 0 2 {@Y,^l}I
14  54.91386130  008.33047093  65.62 0 ATC Tower
1300  54.91387119  008.33108881 -90.00 gate heavy|jets|turboprops Apron 1 Ramp 01 
1301 C airline 
1300  54.91347310  008.33108405 -90.00 gate heavy|jets|turboprops Apron 1 Ramp 02
1301 C airline 
1300  54.91300923  008.33101480 -90.32 gate heavy|jets|turboprops Apron 1 Ramp 03
1301 C airline 
1300  54.91441913  008.32420357 -100.13 misc turboprops|props Apron 2 GAT
1301 A none 
1300  54.91393983  008.32448245 -100.80 misc turboprops|props Apron 2 GAT
1301 A none 
1300  54.91322198  008.32462698 -108.38 misc turboprops|props Apron 2 GAT
1301 A none 
1300  54.91343327  008.32457132 258.85 misc turboprops|props Apron 2 GAT
1301 A none 
1300  54.91245798  008.32587739 -120.67 misc turboprops|props Apron 2 GAT
1301 A none 
1300  54.91227567  008.32539111 242.03 misc turboprops|props Apron 2 GAT
1301 A none 
1300  54.91127721  008.32700748 -130.48 misc turboprops|props Apron 2 GAT
1301 A none 
1300  54.91286417  008.32483629 -112.55 misc turboprops|props Apron 2 GAT
1301 A none 
1300  54.91105579  008.32732077 -135.45 misc turboprops|props Apron 2 GAT
1301 A none 
1300  54.91289044  008.32550091 -114.98 misc turboprops|props Apron 2 GAT
1301 A none 
1300  54.91261587  008.32572689 -121.68 misc turboprops|props Apron 2 GAT
1301 A none 
1300  54.91425061  008.32497066 -100.22 misc turboprops|props Apron 2 GAT
1301 A none 
1300  54.91390436  008.32504596 -100.22 misc turboprops|props Apron 2 GAT
1301 A none 
1300  54.91354164  008.32515086 -100.22 misc turboprops|props Apron 2 GAT
1301 A none 
1300  54.91320929  008.32530317 -109.82 misc turboprops|props Apron 2 GAT
1301 A none 
1300  54.91303658  008.32540075 -113.12 misc turboprops|props Apron 2 GAT
1301 A none 
1300  54.91246715  008.32521361 -119.24 misc turboprops|props Apron 2 GAT
1301 A none 
1300  54.91121374  008.32623711 -132.81 misc turboprops|props Apron 2 FuelStation
1301 A none 
1300  54.91135298  008.32600826 -131.40 misc turboprops|props Apron 2 FuelStation
1301 A none 
1300  54.92074401  008.33998271 265.00 hangar jets|turboprops|props Apron 3 Hangar
1301 B none 
1300  54.92089769  008.33702458  83.00 hangar jets|turboprops|props Apron 3 Hangar
1301 B none 
1300  54.92068097  008.33740337  83.00 hangar jets|turboprops|props Apron 3 Hangar
1301 B none 
1300  54.92028046  008.33742922  83.00 hangar jets|turboprops|props Apron 3 Hangar
1301 B none 
1300  54.92046420  008.34003157 265.00 hangar jets|turboprops|props Apron 3 Hangar
1301 B none 
1300  54.92085743  008.33846178 174.79 hangar jets|turboprops|props Apron 3 Hangar
1301 B none 
1300  54.91980076  008.34584777 -47.08 hangar jets|turboprops|props|fighters Apron 4 MFLG
1301 A none 
1300  54.91971206  008.34506590  11.87 hangar jets|turboprops|props|fighters Apron 4 MFLG
1301 A none 
1300  54.92074496  008.34552258 -111.46 hangar jets|turboprops|props|fighters Apron 4 MFLG
1301 A none 
1300  54.92057181  008.34566369 -111.46 hangar jets|turboprops|props|fighters Apron 4 MFLG
1301 A none 
1300  54.90723459  008.35528428 -86.47 misc props Glider Club
1301 A none 
18  54.91079077  008.34001857 1 BCN
19  54.90943728  008.33886385 1 WS
19  54.90414633  008.34890888 1 WS
19  54.91580871  008.34345064 1 WS
1050 118425 SYLT ATIS
1054 119750 SYLT TWR
1055 120225 BREMEN RADAR
1200 
1201  54.90341698  008.35085882 both 0 A_stop
1201  54.90331157  008.35057101 both 1 A_stop
1201  54.90326115  008.35037166 both 2 A_stop
1201  54.90241935  008.34223747 both 3 A_stop
1201  54.90234699  008.34127185 both 4 A_stop
1201  54.90233910  008.34058201 both 5 A_stop
1201  54.90272649  008.33647949 both 6 A_stop
1201  54.90260264  008.33721805 both 7 A_stop(split)
1201  54.90251727  008.33797640 both 8 A_stop(split)
1201  54.90237716  008.33975415 both 9 A_stop(split)(split)
1201  54.90333490  008.33462264 both 10 A_stop
1201  54.90295642  008.33557499 both 11 A_stop(split)
1201  54.90283336  008.33600962 both 12 A_stop(split)(split)
1201  54.90388549  008.33369271 both 13 A_stop
1201  54.90361451  008.33407842 both 14 A_stop(split)
1201  54.90452815  008.33301576 both 15 A_stop
1201  54.90421105  008.33331769 both 16 A_stop(split)
1201  54.90532029  008.33255628 both 17 A_stop
1201  54.90494773  008.33273890 both 18 A_stop(split)
1201  54.90599984  008.33242215 both 19 A_stop
1201  54.90557507  008.33248392 both 20 A_stop(split)
1201  54.90777395  008.33219342 both 21 A_stop
1201  54.90816516  008.33208715 both 22 A_stop
1201  54.90853782  008.33190454 both 23 A_stop
1201  54.90879984  008.33172306 both 24 A_stop
1201  54.90919226  008.33137085 both 25 A_start
1201  54.91679112  008.35102514 both 26 _stop
1201  54.91849416  008.33393946 both 27 _stop
1201  54.90446050  008.35133467 both 28 _start
1201  54.90648315  008.34882611 both 29 _start(split)
1201  54.91642669  008.33650351 both 30 _start(split)(split)
1201  54.90419662  008.35181970 both 31 G_stop
1201  54.90420110  008.35218423 both 32 G_stop
1201  54.90427230  008.35248172 both 33 G_stop
1201  54.90442239  008.35282799 both 34 G_stop
1201  54.90461713  008.35304222 both 35 G_stop
1201  54.90559959  008.35353498 both 36 G_start
1201  54.90599867  008.34924735 both 37 B_stop
1201  54.90579670  008.34912313 both 38 B_stop
1201  54.90540429  008.34849628 both 39 B_stop
1201  54.90344944  008.34537380 both 40 B_stop
1201  54.90323842  008.34499555 both 41 B_stop
1201  54.90300465  008.34447631 both 42 B_stop
1201  54.90279408  008.34389339 both 43 B_stop
1201  54.90259499  008.34317117 both 44 B_stop
1201  54.90401009  008.35174764 both 45 A_stop
1201  54.90376377  008.35162579 both 46 A_stop
1201  54.91756910  008.34848511 both 47 E_stop
1201  54.91754222  008.34904548 both 48 E_stop
1201  54.91730956  008.34929786 both 49 E_stop
1201  54.91696706  008.34935052 both 50 E_start
1201  54.91771336  008.33185799 both 51 C_stop
1201  54.91751800  008.33181784 both 52 C_stop
1201  54.91760699  008.33198149 both 53 C_stop
1201  54.91758954  008.33224287 both 54 C_stop
1201  54.91669781  008.33594935 both 55 C_stop
1201  54.91658577  008.33630594 both 56 C_stop(split)
1201  54.91709401  008.33430367 both 57 C_start
1201  54.91881091  008.33354989 both 58 D_stop
1201  54.91889488  008.33310562 both 59 D_stop
1201  54.91886266  008.33266097 both 60 D_stop
1201  54.91876444  008.33240918 both 61 D_stop
1201  54.91858082  008.33221074 both 62 D_stop
1201  54.91068766  008.33291009 both 63 D_stop
1201  54.91058460  008.33217446 both 64 D_stop
1201  54.91053626  008.33199528 both 65 D_stop
1201  54.91837622  008.33208247 both 66 D_stop
1201  54.91792982  008.33180222 both 67 D_stop
1201  54.91779519  008.33176666 both 68 D_stop
1201  54.91490778  008.33178069 both 69 D_stop
1201  54.91738640  008.33176597 both 70 D_stop(split)
1201  54.91471139  008.33186043 both 71 D_stop
1201  54.91408541  008.33248968 both 72 D_stop
1201  54.91396402  008.33254487 both 73 D_stop
1201  54.91344715  008.33253498 both 74 D_stop
1201  54.91331741  008.33246701 both 75 D_stop
1201  54.91276743  008.33186604 both 76 D_stop
1201  54.91256922  008.33180270 both 77 D_stop(split)
1201  54.91301267  008.33179505 both 78 D_stop(split)(split)
1201  54.91309164  008.33220955 both 79 D_stop(split)
1201  54.90984470  008.33044153 both 80 A_stop
1201  54.90966003  008.33077414 both 81 A_stop
1201  54.90962123  008.33107859 both 82 A_stop
1201  54.90939458  008.33115878 both 83 A_stop
1201  54.90716993  008.35432263 both 84 G_start
1201  54.91948462  008.33574478 both 85 K_stop
1201  54.91929056  008.33549432 both 86 K_stop
1201  54.91905227  008.33539326 both 87 K_stop
1201  54.91875230  008.33551290 both 88 K_stop
1201  54.91861074  008.33550706 both 89 F_stop
1201  54.91853836  008.33574803 both 90 F_stop(split)
1201  54.91895712  008.33406254 both 91 F_stop
1201  54.91878590  008.33482894 both 92 F_stop(split)
1201  54.91892173  008.33367903 both 93 F_stop
1201  54.91866389  008.33373461 both 94 F_stop
1201  54.91605586  008.34884618 both 95 E_stop
1201  54.91657516  008.34940816 both 96 E_stop
1201  54.91637415  008.34938263 both 97 E_stop(split)
1201  54.91773992  008.35112912 both 98 F_stop
1201  54.91783724  008.35063245 both 99 F_stop
1201  54.91780732  008.35091240 both 100 F_stop(split)
1201  54.91777873  008.34991410 both 101 F_stop
1201  54.91663100  008.34297181 both 102 F_stop
1201  54.91658026  008.34162711 both 103 F_stop
1201  54.91657336  008.34227278 both 104 F_stop(split)
1201  54.91671215  008.34056713 both 105 F_stop
1201  54.91662787  008.34108023 both 106 F_stop(split)
1201  54.91699378  008.33955845 both 107 F_stop
1201  54.91683973  008.34002529 both 108 F_stop(split)
1201  54.91844766  008.33600155 both 109 F_stop
1201  54.91241223  008.33180454 both 110 I_stop
1201  54.91251164  008.33030884 both 111 I_stop
1201  54.91184287  008.32657623 both 112 H East_stop
1201  54.91126555  008.32771377 both 113 H East_stop
1201  54.91171779  008.32682325 both 114 H East_stop(split)
1201  54.91174237  008.32610807 both 115 H West_stop
1201  54.91071764  008.32820759 both 116 H West_stop
1201  54.91088510  008.32715392 both 117 H West_stop(split)
1201  54.91103602  008.32690139 both 118 H West_stop(split)(split)
1201  54.91150283  008.32646552 both 119 H West_stop(split)(split)(split)
1201  54.91090879  008.32841118 both 120 H East_stop
1201  54.92016561  008.34006365 both 121 L_stop
1201  54.91994025  008.34040820 both 122 L_stop
1201  54.91986122  008.34036296 both 123 L_stop
1201  54.91980456  008.34003638 both 124 L_stop
1201  54.91996134  008.33732051 both 125 L_stop
1201  54.91898956  008.33339550 both 126 L_stop
1201  54.91919994  008.33335624 both 127 L_stop
1201  54.91939280  008.33352402 both 128 L_stop
1201  54.91950804  008.33390905 both 129 L_stop
1201  54.91953640  008.33451554 both 130 L_start
1201  54.91957958  008.33556717 both 131 L_start(split)
1201  54.91960901  008.33615185 both 132 L_start(split)(split)
1201  54.91698388  008.35147529 both 133 F_stop
1201  54.91717920  008.35155162 both 134 F_stop
1201  54.91737172  008.35151381 both 135 F_stop
1201  54.91758101  008.35137014 both 136 F_stop
1201  54.91017917  008.33151580 both 137 H_stop
1201  54.91010142  008.32994483 both 138 H_stop
1201  54.91040782  008.32941705 both 139 H_start
1201  54.91057968  008.32885638 both 140 H West_stop
1201  54.91386874  008.33178726 both 141 (split)
1201  54.91182952  008.32577914 both 142 _stop
1201  54.91208477  008.32511964 both 143 _stop
1201  54.91255857  008.32468484 both 144 _stop
1201  54.91217045  008.32503559 both 145 _stop(split)
1201  54.91295306  008.32438867 both 146 _stop
1201  54.91338147  008.32418521 both 147 _stop
1201  54.91388525  008.32406019 both 148 _stop
1201  54.91386904  008.33088935 both 149 _stop
1201  54.91396713  008.32487958 both 150 H East_stop
1201  54.91348559  008.32503025 both 151 H East_stop
1201  54.91311397  008.32520154 both 152 H East_stop
1201  54.91261403  008.32559793 both 153 H East_stop
1201  54.91204455  008.32625654 both 154 H East_stop
1201  54.91225539  008.32595546 both 155 H East_stop(split)
1201  54.91238444  008.32580961 both 156 H East_stop(split)(split)
1201  54.91252274  008.32567180 both 157 H East_stop(split)(split)
1201  54.92085578  008.33844846 both 158 _stop
1201  54.92043662  008.33833949 both 159 _stop
1201  54.91971510  008.33649901 both 160 L_stop
1201  54.91300731  008.33080620 both 161 _stop
1201  54.91302385  008.33203676 both 162 _stop
1201  54.91001073  008.33083112 both 163 H_stop
1201  54.91256321  008.32580225 both 164 _stop
1201  54.91228811  008.32544483 both 165 _stop
1202 1 0 twoway taxiway_E A
1202 2 1 twoway taxiway_E A
1202 3 2 twoway taxiway_E A
1202 4 3 twoway taxiway_E A
1202 5 4 twoway taxiway_E A
1202 6 7 twoway taxiway_E A
1202 7 8 twoway taxiway_E A
1202 8 9 twoway taxiway_E A
1202 9 5 twoway taxiway_E A
1202 10 11 twoway taxiway_E A
1202 11 12 twoway taxiway_E A
1202 12 6 twoway taxiway_E A
1202 13 14 twoway taxiway_E A
1202 14 10 twoway taxiway_E A
1202 15 16 twoway taxiway_E A
1202 16 13 twoway taxiway_E A
1202 17 18 twoway taxiway_E A
1202 18 15 twoway taxiway_E A
1202 19 20 twoway taxiway_E A
1202 20 17 twoway taxiway_E A
1202 21 19 twoway taxiway_E A
1202 22 21 twoway taxiway_E A
1202 23 22 twoway taxiway_E A
1202 24 23 twoway taxiway_E A
1202 25 24 twoway taxiway_E A
1202 32 31 twoway taxiway_E G
1204 departure 14,32
1204 arrival 14,32
1204 ils 32
1202 33 32 twoway taxiway_E G
1204 departure 14,32
1204 arrival 14,32
1204 ils 32
1202 34 33 twoway taxiway_E G
1204 departure 14,32
1204 arrival 14,32
1204 ils 32
1202 35 34 twoway taxiway_E G
1204 departure 14,32
1204 arrival 14,32
1204 ils 32
1202 36 35 twoway taxiway_E G
1204 departure 14,32
1204 arrival 14,32
1204 ils 32
1202 38 37 twoway taxiway_E B
1204 departure 14,32
1204 arrival 14,32
1204 ils 32
1202 39 38 twoway taxiway_E B
1204 departure 14,32
1204 arrival 14,32
1204 ils 32
1202 40 39 twoway taxiway_E B
1202 41 40 twoway taxiway_E B
1202 42 41 twoway taxiway_E B
1202 43 42 twoway taxiway_E B
1202 44 43 twoway taxiway_E B
1202 3 44 twoway taxiway_E B
1202 46 45 twoway taxiway_E A
1204 departure 14,32
1204 arrival 14,32
1204 ils 32
1202 0 46 twoway taxiway_E A
1204 departure 14,32
1204 arrival 14,32
1204 ils 32
1202 48 47 twoway taxiway_E E
1202 49 48 twoway taxiway_E E
1202 50 49 twoway taxiway_E E
1202 51 67 twoway taxiway_E C
1202 54 51 twoway taxiway_E C
1202 52 70 twoway taxiway_E C
1202 53 52 twoway taxiway_E C
1202 54 53 twoway taxiway_E C
1202 57 54 twoway taxiway_E C
1202 55 56 twoway taxiway_E C
1204 departure 14,32
1204 arrival 14,32
1202 57 55 twoway taxiway_E C
1204 departure 14,32
1204 arrival 14,32
1202 58 27 twoway taxiway_E D
1204 departure 14,32
1204 arrival 14,32
1202 59 58 twoway taxiway_E D
1204 departure 14,32
1204 arrival 14,32
1202 60 59 twoway taxiway_E D
1204 departure 14,32
1204 arrival 14,32
1202 60 126 twoway taxiway_E D
1204 departure 14,32
1204 arrival 14,32
1202 61 60 twoway taxiway_E D
1204 departure 14,32
1204 arrival 14,32
1202 62 61 twoway taxiway_E D
1204 departure 14,32
1204 arrival 14,32
1202 66 62 twoway taxiway_E D
1204 departure 14,32
1204 arrival 14,32
1202 64 63 twoway taxiway_E D
1204 departure 06,24
1204 arrival 06,24
1202 65 64 twoway taxiway_E D
1204 departure 06,24
1204 arrival 06,24
1202 67 66 twoway taxiway_E D
1202 68 67 twoway taxiway_E D
1202 69 70 twoway taxiway_E D
1202 70 68 twoway taxiway_E D
1202 71 69 twoway taxiway_E D
1202 72 71 twoway taxiway_E D
1202 73 72 twoway taxiway_E D
1202 74 73 twoway taxiway_E D
1202 75 74 twoway taxiway_E D
1202 76 79 twoway taxiway_E D
1202 79 75 twoway taxiway_E D
1202 81 80 twoway taxiway_E A
1204 departure 06,24
1204 arrival 06,24
1202 83 81 twoway taxiway_E A
1204 departure 06,24
1204 arrival 06,24
1202 83 82 twoway taxiway_E A
1204 departure 06,24
1204 arrival 06,24
1202 25 83 twoway taxiway_E A
1204 departure 06,24
1204 arrival 06,24
1202 84 36 twoway taxiway_E G
1202 86 85 twoway taxiway_E K
1202 87 86 twoway taxiway_E K
1202 88 87 twoway taxiway_E K
1202 109 88 twoway taxiway_E K
1202 91 92 twoway taxiway_E F
1204 departure 14,32
1204 arrival 14,32
1202 92 89 twoway taxiway_E F
1204 departure 14,32
1204 arrival 14,32
1202 93 91 twoway taxiway_E F
1204 departure 14,32
1204 arrival 14,32
1202 94 93 twoway taxiway_E F
1204 departure 14,32
1204 arrival 14,32
1202 27 94 twoway taxiway_E F
1204 departure 14,32
1204 arrival 14,32
1202 96 97 twoway taxiway_E E
1204 departure 06,24
1204 arrival 06,24
1202 97 95 twoway taxiway_E E
1204 departure 06,24
1204 arrival 06,24
1202 50 96 twoway taxiway_E E
1204 departure 06,24
1204 arrival 06,24
1202 99 100 twoway taxiway_E F
1202 100 98 twoway taxiway_E F
1202 101 99 twoway taxiway_E F
1202 47 101 twoway taxiway_E F
1202 102 47 twoway taxiway_E F
1202 103 104 twoway taxiway_E F
1202 104 102 twoway taxiway_E F
1202 105 106 twoway taxiway_E F
1202 106 103 twoway taxiway_E F
1202 107 108 twoway taxiway_E F
1202 108 105 twoway taxiway_E F
1202 109 107 twoway taxiway_E F
1202 89 90 twoway taxiway_E F
1202 90 109 twoway taxiway_E F
1202 111 110 twoway taxiway_E I
1202 114 111 twoway taxiway_E I
1202 113 114 twoway taxiway_E H East
1202 114 112 twoway taxiway_E H East
1202 120 113 oneway taxiway_E H East
1202 139 120 oneway taxiway_E H East
1204 departure 06,24
1204 arrival 06,24
1202 122 121 twoway taxiway_E L
1202 123 122 twoway taxiway_E L
1202 124 123 twoway taxiway_E L
1202 131 132 twoway taxiway_E L
1202 132 124 twoway taxiway_E L
1202 130 131 twoway taxiway_E L
1202 127 126 twoway taxiway_E L
1204 departure 14,32
1204 arrival 14,32
1202 128 127 twoway taxiway_E L
1204 departure 14,32
1204 arrival 14,32
1202 129 128 twoway taxiway_E L
1204 departure 14,32
1204 arrival 14,32
1202 130 129 twoway taxiway_E L
1204 departure 14,32
1204 arrival 14,32
1202 134 133 twoway taxiway_E F
1204 departure 06,24
1204 arrival 06,24
1202 135 134 twoway taxiway_E F
1204 departure 06,24
1204 arrival 06,24
1202 136 135 twoway taxiway_E F
1204 departure 06,24
1204 arrival 06,24
1202 98 136 twoway taxiway_E F
1204 departure 06,24
1204 arrival 06,24
1202 139 138 twoway taxiway_E H
1204 departure 06,24
1204 arrival 06,24
1202 80 138 twoway taxiway_E H
1204 departure 06,24
1204 arrival 06,24
1202 117 116 oneway taxiway_E H West
1202 118 117 oneway taxiway_E H West
1202 140 139 oneway taxiway_E H West
1204 departure 06,24
1204 arrival 06,24
1202 116 140 oneway taxiway_E H West
1204 departure 06,24
1204 arrival 06,24
1202 117 116 oneway taxiway_E 
1202 119 118 oneway taxiway_E 
1202 115 119 oneway taxiway_E 
1202 142 115 oneway taxiway_E 
1202 143 142 oneway taxiway_E 
1202 144 145 oneway taxiway_E 
1202 145 143 oneway taxiway_E 
1202 146 144 oneway taxiway_E 
1202 147 146 oneway taxiway_E 
1202 148 147 oneway taxiway_E 
1202 141 149 twoway taxiway_E 
1202 141 69 twoway taxiway_E 
1202 151 150 oneway taxiway_E H East
1202 152 151 oneway taxiway_E H East
1202 153 152 oneway taxiway_E H East
1202 154 155 oneway taxiway_E H East
1202 155 156 oneway taxiway_E H East
1202 156 157 oneway taxiway_E H East
1202 157 153 oneway taxiway_E H East
1202 112 154 oneway taxiway_E H East
1202 114 112 oneway taxiway_E H East
1202 113 114 oneway taxiway_E H East
1202 159 158 twoway taxiway_E 
1202 125 159 twoway taxiway_E 
1202 132 160 twoway taxiway_E K
1202 85 132 twoway taxiway_E K
1202 160 125 twoway taxiway_E L
1202 160 131 twoway taxiway_E L
1202 61 128 twoway taxiway_E 
1204 departure 14,32
1204 arrival 14,32
1202 78 161 twoway taxiway_E 
1202 162 78 twoway taxiway_E 
1202 79 162 twoway taxiway_E 
1202 141 69 twoway taxiway_E 
1202 77 78 twoway taxiway_E 
1202 78 141 twoway taxiway_E 
1202 110 77 twoway taxiway_E D
1202 76 77 twoway taxiway_E D
1202 26 133 twoway taxiway_E F
1204 departure 06,24
1204 arrival 06,24
1202 163 138 twoway taxiway_E H
1204 departure 06,24
1204 arrival 06,24
1202 137 163 twoway taxiway_E H
1204 departure 06,24
1204 arrival 06,24
1202 82 137 twoway taxiway_E A
1204 departure 06,24
1204 arrival 06,24
1202 137 65 twoway taxiway_E D
1204 departure 06,24
1204 arrival 06,24
1202 45 28 twoway taxiway_E A
1204 departure 14,32
1204 arrival 14,32
1204 ils 32
1202 91 126 twoway taxiway_E F
1204 departure 14,32
1204 arrival 14,32
1202 56 30 twoway taxiway_E C
1204 departure 14,32
1204 arrival 14,32
1202 94 126 twoway taxiway_E 
1204 departure 14,32
1204 arrival 14,32
1202 27 94 twoway taxiway_E L
1204 departure 14,32
1204 arrival 14,32
1202 29 37 twoway taxiway_E B
1204 departure 14,32
1204 arrival 14,32
1202 150 148 twoway taxiway_E 
1202 151 147 twoway taxiway_E 
1202 157 164 twoway taxiway_E 
1202 165 145 twoway taxiway_E 
1202 156 165 twoway taxiway_E 
99
